<<<<<<< HEAD
Jogador 0 1
1 253 610.589 0 3 -92.6399 3 100 0 1 15 0 0.3 17.7788 2.00972 0 0 0
5 250 450 1 0 0 0 0 0 1 0 60 50 3 1 
5 650 450 1 0 0 0 0 0 1 0 60 50 3 1 
5 800 650 1 0 0 0 0 0 1 0 60 50 3 1 
6 60 197 1 0 0 0 0 0 1 0 47 55 0 150
4 1124 404 1 1 40 1 30 0 1 10 7 0 1150 430 1 2.62554 2.72572 200
4 235 424 1 1 40 1 30 0 1 10 7 2 100 430 1 2.51006 2.72598 200
4 206.184 204 1 1 40 1 30 0 0 10 7 3 140 200 1 2.62611 2.72629 200
2 885.333 456 1 -19.5032 40 20 -70 1 1 10 5 2 1190 180 2 2.62644 2.6605 150 1.5
2 650.703 256 1 -19.5032 40 20 -70 1 1 10 5 0 400 250 2 2.62676 2.66082 150 1.5
2 391.199 256 1 -19.5032 40 20 -70 1 0 10 5 3 200 250 2 2.62717 2.66123 150 1.5
2 432.498 256 1 20.4968 40 20 -70 1 1 10 5 0 300 250 2 2.62753 2.66159 150 1.5
7 400 678 1 0 0 0 0 0 1 0 200 20 90 5 588 678 0 17.7704
7 760 480 1 0 0 0 0 0 1 0 220 20 100 5 380 480 0 17.7703
7 1150 480 1 0 0 0 0 0 1 0 110 20 180 5 300 480 0 17.7703
9 1100 670 1 0 0 0 0 0 1 0 30 50 0
9 1030 120 1 0 0 0 0 0 1 0 30 50 0
9 40 470 1 0 0 0 0 0 1 0 30 50 0
10 354.56 609.98 0 80.1269 -1.94833 80 -40 1 1 1 1 2 
=======
Jogador 0 2
1 150 1194 1 3 23.8781 3 100 0 1 15 0 0.3 1.5371 1.53711 0 1 0
1 253 1080.61 0 3 -54.7093 3 100 0 1 15 0 0.3 1.53768 1.53769 0 1 0
8 600 1250 1 0 0 0 0 0 1 1 40 10 2
8 900 1052 1 0 0 0 0 0 1 1 40 10 3
8 40 980 1 0 0 0 0 0 1 1 40 10 3
8 500 872 1 0 0 0 0 0 1 1 40 10 2
8 40 790 1 0 0 0 0 0 1 1 40 10 2
8 500 1052 1 0 0 0 0 0 1 1 40 10 1
6 1160 357 1 0 0 0 0 0 1 0 47 55 0 150
3 747 355 1 3 40 3 -60 0 0 10 10 3 900 200 1 1.52582 1.52583 300 1
3 918.5 355 1 3 40 3 -60 0 0 10 10 1 1100 200 1 1.52566 1.52567 300 1
3 1197 355 1 3 40 3 -60 0 1 10 10 2 1100 200 1 1.52554 1.52555 300 1
3 1139.5 1155 1 3 40 3 -60 0 0 10 10 3 1180 1200 1 1.52561 1.52562 300 1
3 1076.5 1155 1 3 40 3 -60 0 1 10 10 2 1040 1200 1 1.52556 1.52557 300 1
2 460 1036 1 20 40 20 -70 0 0 10 5 -1 460 1030 2 1.52545 1.52546 150 1.5
2 860 1236 1 20 40 20 -70 0 0 10 5 -1 860 1200 2 1.52568 1.52569 150 1.5
2 860 1036 1 20 40 20 -70 0 0 10 5 -1 860 1030 2 1.52617 1.52619 150 1.5
2 660 1236 1 20 40 20 -70 0 0 10 5 -1 660 1200 2 1.52643 1.52644 150 1.5
2 460 856 1 20 40 20 -70 0 0 10 5 -1 460 800 2 1.52668 1.52669 150 1.5
7 20 560 1 0 0 0 0 0 1 0 100 20 90 10 470 560 0 1.51169
7 1120 880 1 0 0 0 0 0 1 0 140 20 90 10 790 880 0 1.51206
7 1120 1060 1 0 0 0 0 0 1 0 140 20 90 10 970 1060 0 1.5126
7 1120 1240 1 0 0 0 0 0 1 0 140 20 90 10 1150 1240 0 1.51281
9 300 1230 1 0 0 0 0 0 1 0 30 40 0
9 300 850 1 0 0 0 0 0 1 0 30 40 0
9 300 1030 1 0 0 0 0 0 1 0 30 40 0
9 350 1230 1 0 0 0 0 0 1 0 30 40 0
>>>>>>> 1031b386cfaf1d615b1ffba0855c6dcb08994546
