1 1069 84 1 3 40 3 100 0 4.8776 61.5006 0 1 13 0 0.3 53.5002 31.996 0 0 0 1
5 250 450 1 0 0 0 0 0 61.5137 61.5137 1 0 0 60 50 3 1 
5 680 230 1 0 0 0 0 0 61.5136 61.5136 1 0 0 60 50 3 1 
5 800 650 1 0 0 0 0 0 61.5136 61.5136 1 0 0 60 50 3 1 
7 400 678 1 0 0 0 0 0 61.5132 61.5132 1 0 0 200 20 90 5 588 588 0 61.5126
7 760 333.913 1 0 -1.80356 0 0 0 61.5129 61.5129 1 0 0 220 20 100 5 380 335.717 1 61.5125
10 1100 670 1 0 0 0 0 0 61.5127 61.5127 1 0 0 30 50 0
10 1030 120 1 0 0 0 0 0 61.5125 61.5125 1 0 0 30 50 0
6 60 197 1 0 0 0 0 0 61.5123 61.5123 1 0 0 47 55 0 150
4 917 624 1 2 40 1 30 0 4.88055 61.5036 1 1 10 3 -1 950 630 1 5.58516 7.32956 0 200 0 1
4 600 624 1 2 40 1 30 0 4.88082 61.5038 0 1 10 3 -1 100 430 1 5.18309 7.32983 0 200 1 1
2 115.217 256 1 20.4702 40 20 -70 1 4.88112 5.38742 1 1 10 3 2 200 250 2 5.26647 5.38745 0 150 0.8
2 21.0262 249.146 0 20.0051 -66.9714 20 -70 1 4.93167 4.91512 1 1 10 3 1 300 250 2 6.00174 4.91515 0 150 0.8
2 261.805 256 1 20.4579 40 20 -70 1 4.8816 5.66942 1 1 10 3 0 400 250 2 4.88169 5.66946 0 150 0.8
